*Parameter Groups
81
*Real Parameters
0 29 29 29 29 29 29 29 29 29 29 29 29 29 29 29 29 29 29 29 29 29 29 29 29 29 29 29 29 29 29 29 29 29 29 29 29 29 29 29 29 29 29 29 29 29 29 29 29 29 29 29 29 29 29 29 29 29 29 29 29 29 29 29 29 29 29 29 29 29 29 29 29 29 29 29 29 29 29 29 29 
2.0 -1.0 0.16007810593582122 0.1 0.016007810593582122 1.0 -0.7808688094430303 -0.6246950475544243 0.5000000000000004 -0.3 0.37500000000000044 -0.4 0.15617376188860607 0.0 1.0 4.917049136813336e-17 -3.470858214221178e-17 4.917049136813336e-17 2.0 4.0 0.0 0.0 0.0 0.0 0.0 0.0 0.0 0.0 0.0 
6.0 -1.0 0.16007810593582122 0.1 0.016007810593582122 1.0 -0.7808688094430303 0.6246950475544243 0.5000000000000004 -0.5 0.37500000000000044 -0.4 0.1 0.0 0.7808688094430304 -0.6246950475544243 -3.470858214221178e-17 4.917049136813336e-17 1.0 4.0 0.0 0.0 0.0 0.0 0.0 0.0 0.0 0.0 0.0 
2.0 -1.0 0.16007810593582122 0.1 0.016007810593582122 1.0 -0.7808688094430303 0.6246950475544244 0.5000000000000004 -0.3 0.37500000000000044 -0.19999999999999996 0.15617376188860607 0.0 1.0 4.917049136813336e-17 -3.470858214221178e-17 4.917049136813336e-17 2.0 4.0 0.0 0.0 0.0 0.0 0.0 0.0 0.0 0.0 0.0 
1.0 -1.0 0.16007810593582122 0.1 0.016007810593582122 1.0 0.7808688094430303 0.6246950475544243 -0.24999999999999956 -0.5 -0.12499999999999956 -0.4 0.12493900951088487 0.0 -3.470858214221178e-17 -1.0 -3.470858214221178e-17 4.917049136813336e-17 2.0 4.0 0.0 0.0 0.0 0.0 0.0 0.0 0.0 0.0 0.0 
1.0 -1.0 0.16007810593582122 0.1 0.016007810593582122 1.0 -0.7808688094430303 0.6246950475544243 4.440892098500626e-16 -0.5 -0.12499999999999956 -0.4 0.12493900951088487 0.0 -3.470858214221178e-17 -1.0 -3.470858214221178e-17 4.917049136813336e-17 2.0 4.0 0.0 0.0 0.0 0.0 0.0 0.0 0.0 0.0 0.0 
2.0 -1.0 0.1600781059358212 0.1 0.016007810593582122 1.0 -0.7808688094430304 -0.6246950475544242 0.5000000000000004 -0.09999999999999998 0.37500000000000044 -0.19999999999999996 0.1561737618886061 0.0 1.0 4.917049136813336e-17 -3.470858214221178e-17 4.917049136813336e-17 2.0 4.0 0.0 0.0 0.0 0.0 0.0 0.0 0.0 0.0 0.0 
1.0 -1.0 0.16007810593582122 0.1 0.016007810593582122 1.0 0.7808688094430303 0.6246950475544243 0.25000000000000044 -0.5 0.37500000000000044 -0.4 0.12493900951088487 0.0 -3.470858214221178e-17 -1.0 -3.470858214221178e-17 4.917049136813336e-17 2.0 4.0 0.0 0.0 0.0 0.0 0.0 0.0 0.0 0.0 0.0 
1.0 -1.0 0.16007810593582122 0.1 0.016007810593582122 1.0 -0.7808688094430303 0.6246950475544243 0.25000000000000044 -0.5 0.12500000000000044 -0.4 0.12493900951088487 0.0 -3.470858214221178e-17 -1.0 -3.470858214221178e-17 4.917049136813336e-17 2.0 4.0 0.0 0.0 0.0 0.0 0.0 0.0 0.0 0.0 0.0 
1.0 -1.0 0.16007810593582122 0.1 0.016007810593582122 1.0 0.7808688094430303 0.6246950475544243 4.440892098500626e-16 -0.5 0.12500000000000044 -0.4 0.12493900951088487 0.0 -3.470858214221178e-17 -1.0 -3.470858214221178e-17 4.917049136813336e-17 2.0 4.0 0.0 0.0 0.0 0.0 0.0 0.0 0.0 0.0 0.0 
-1.0 0.0 0.16007810593582122 0.1 0.016007810593582122 1.0 -0.7808688094430303 0.6246950475544243 -0.12499999999999956 -0.4 -0.24999999999999956 -0.3 0.0 0.0 -3.470858214221178e-17 4.917049136813336e-17 -3.470858214221178e-17 4.917049136813336e-17 4.0 4.0 0.0 0.0 0.0 0.0 0.0 0.0 0.0 0.0 0.0 
0.0 0.0 0.16007810593582122 0.1 0.016007810593582122 1.0 -0.7808688094430303 -0.6246950475544244 -0.12499999999999956 -0.19999999999999996 -0.24999999999999956 -0.3 0.0 0.0 -3.470858214221178e-17 4.917049136813336e-17 -3.470858214221178e-17 4.917049136813336e-17 4.0 4.0 0.0 0.0 0.0 0.0 0.0 0.0 0.0 0.0 0.0 
0.0 0.0 0.1600781059358212 0.1 0.016007810593582122 1.0 -0.7808688094430304 0.6246950475544242 -0.12499999999999956 -0.19999999999999996 -0.24999999999999956 -0.09999999999999998 0.0 0.0 -3.470858214221178e-17 4.917049136813336e-17 -3.470858214221178e-17 4.917049136813336e-17 4.0 4.0 0.0 0.0 0.0 0.0 0.0 0.0 0.0 0.0 0.0 
0.0 0.0 0.16007810593582128 0.1 0.01600781059358213 1.0 -0.78086880944303 0.6246950475544246 -0.12499999999999956 0.0 -0.24999999999999956 0.10000000000000009 0.0 0.0 -3.470858214221178e-17 4.917049136813336e-17 -3.470858214221178e-17 4.917049136813336e-17 4.0 4.0 0.0 0.0 0.0 0.0 0.0 0.0 0.0 0.0 0.0 
0.0 0.0 0.1600781059358212 0.1 0.016007810593582122 1.0 -0.7808688094430304 -0.6246950475544242 -0.12499999999999956 0.0 -0.24999999999999956 -0.09999999999999998 0.0 0.0 -3.470858214221178e-17 4.917049136813336e-17 -3.470858214221178e-17 4.917049136813336e-17 4.0 4.0 0.0 0.0 0.0 0.0 0.0 0.0 0.0 0.0 0.0 
0.0 0.0 0.1600781059358212 0.1 0.016007810593582122 1.0 0.7808688094430304 0.6246950475544242 -0.12499999999999956 -0.19999999999999996 4.440892098500626e-16 -0.09999999999999998 0.0 0.0 -3.470858214221178e-17 4.917049136813336e-17 -3.470858214221178e-17 4.917049136813336e-17 4.0 4.0 0.0 0.0 0.0 0.0 0.0 0.0 0.0 0.0 0.0 
0.0 0.0 0.1600781059358212 0.1 0.016007810593582122 1.0 0.7808688094430304 -0.6246950475544242 -0.12499999999999956 0.0 4.440892098500626e-16 -0.09999999999999998 0.0 0.0 -3.470858214221178e-17 4.917049136813336e-17 -3.470858214221178e-17 4.917049136813336e-17 4.0 4.0 0.0 0.0 0.0 0.0 0.0 0.0 0.0 0.0 0.0 
-1.0 0.0 0.16007810593582128 0.1 0.01600781059358213 1.0 0.78086880944303 0.6246950475544246 -0.37499999999999956 0.0 -0.24999999999999956 0.10000000000000009 0.0 0.0 -3.470858214221178e-17 4.917049136813336e-17 -3.470858214221178e-17 4.917049136813336e-17 4.0 4.0 0.0 0.0 0.0 0.0 0.0 0.0 0.0 0.0 0.0 
-1.0 0.0 0.1600781059358212 0.1 0.016007810593582122 1.0 0.7808688094430304 -0.6246950475544242 -0.37499999999999956 0.0 -0.24999999999999956 -0.09999999999999998 0.0 0.0 -3.470858214221178e-17 4.917049136813336e-17 -3.470858214221178e-17 4.917049136813336e-17 4.0 4.0 0.0 0.0 0.0 0.0 0.0 0.0 0.0 0.0 0.0 
4.0 -1.0 0.1600781059358212 0.1 0.016007810593582122 1.0 0.7808688094430304 0.6246950475544242 -0.49999999999999956 -0.09999999999999998 -0.37499999999999956 0.0 0.1561737618886061 0.0 -1.0 4.917049136813336e-17 -3.470858214221178e-17 4.917049136813336e-17 2.0 4.0 0.0 0.0 0.0 0.0 0.0 0.0 0.0 0.0 0.0 
4.0 -1.0 0.16007810593582128 0.1 0.01600781059358213 1.0 0.78086880944303 -0.6246950475544246 -0.49999999999999956 0.10000000000000009 -0.37499999999999956 0.0 0.15617376188860604 0.0 -1.0 4.917049136813336e-17 -3.470858214221178e-17 4.917049136813336e-17 2.0 4.0 0.0 0.0 0.0 0.0 0.0 0.0 0.0 0.0 0.0 
2.0 -1.0 0.1600781059358212 0.1 0.016007810593582122 1.0 -0.7808688094430304 0.6246950475544242 0.5000000000000004 0.30000000000000004 0.37500000000000044 0.4 0.1561737618886061 0.0 1.0 4.917049136813336e-17 -3.470858214221178e-17 4.917049136813336e-17 2.0 4.0 0.0 0.0 0.0 0.0 0.0 0.0 0.0 0.0 0.0 
7.0 -1.0 0.1600781059358212 0.1 0.016007810593582122 1.0 -0.7808688094430304 -0.6246950475544242 0.5000000000000004 0.5 0.37500000000000044 0.4 0.1 0.0 0.7808688094430305 0.6246950475544242 -3.470858214221178e-17 4.917049136813336e-17 1.0 4.0 0.0 0.0 0.0 0.0 0.0 0.0 0.0 0.0 0.0 
2.0 -1.0 0.1600781059358212 0.1 0.016007810593582122 1.0 -0.7808688094430304 -0.6246950475544242 0.5000000000000004 0.30000000000000004 0.37500000000000044 0.20000000000000007 0.1561737618886061 0.0 1.0 4.917049136813336e-17 -3.470858214221178e-17 4.917049136813336e-17 2.0 4.0 0.0 0.0 0.0 0.0 0.0 0.0 0.0 0.0 0.0 
2.0 -1.0 0.1600781059358212 0.1 0.016007810593582122 1.0 -0.7808688094430304 0.6246950475544242 0.5000000000000004 0.10000000000000009 0.37500000000000044 0.20000000000000007 0.15617376188860604 0.0 1.0 4.917049136813336e-17 -3.470858214221178e-17 4.917049136813336e-17 2.0 4.0 0.0 0.0 0.0 0.0 0.0 0.0 0.0 0.0 0.0 
-1.0 0.0 0.1600781059358212 0.1 0.016007810593582122 1.0 -0.7808688094430304 0.6246950475544242 0.37500000000000044 0.20000000000000007 0.25000000000000044 0.30000000000000004 0.0 0.0 -3.470858214221178e-17 4.917049136813336e-17 -3.470858214221178e-17 4.917049136813336e-17 4.0 4.0 0.0 0.0 0.0 0.0 0.0 0.0 0.0 0.0 0.0 
-1.0 0.0 0.1600781059358212 0.1 0.016007810593582122 1.0 -0.7808688094430304 -0.6246950475544242 0.37500000000000044 0.20000000000000007 0.25000000000000044 0.10000000000000009 0.0 0.0 -3.470858214221178e-17 4.917049136813336e-17 -3.470858214221178e-17 4.917049136813336e-17 4.0 4.0 0.0 0.0 0.0 0.0 0.0 0.0 0.0 0.0 0.0 
-1.0 0.0 0.1600781059358212 0.1 0.016007810593582122 1.0 -0.7808688094430304 -0.6246950475544242 0.37500000000000044 0.4 0.25000000000000044 0.30000000000000004 0.0 0.0 -3.470858214221178e-17 4.917049136813336e-17 -3.470858214221178e-17 4.917049136813336e-17 4.0 4.0 0.0 0.0 0.0 0.0 0.0 0.0 0.0 0.0 0.0 
0.0 0.0 0.16007810593582122 0.1 0.016007810593582122 1.0 0.7808688094430303 -0.6246950475544244 -0.12499999999999956 -0.19999999999999996 4.440892098500626e-16 -0.3 0.0 0.0 -3.470858214221178e-17 4.917049136813336e-17 -3.470858214221178e-17 4.917049136813336e-17 4.0 4.0 0.0 0.0 0.0 0.0 0.0 0.0 0.0 0.0 0.0 
-1.0 0.0 0.16007810593582122 0.1 0.016007810593582122 1.0 0.7808688094430303 0.6246950475544243 -0.12499999999999956 -0.4 4.440892098500626e-16 -0.3 0.0 0.0 -3.470858214221178e-17 4.917049136813336e-17 -3.470858214221178e-17 4.917049136813336e-17 4.0 4.0 0.0 0.0 0.0 0.0 0.0 0.0 0.0 0.0 0.0 
-1.0 0.0 0.16007810593582122 0.1 0.016007810593582122 1.0 -0.7808688094430303 0.6246950475544243 0.12500000000000044 -0.4 4.440892098500626e-16 -0.3 0.0 0.0 -3.470858214221178e-17 4.917049136813336e-17 -3.470858214221178e-17 4.917049136813336e-17 4.0 4.0 0.0 0.0 0.0 0.0 0.0 0.0 0.0 0.0 0.0 
-1.0 0.0 0.16007810593582122 0.1 0.016007810593582122 1.0 -0.7808688094430303 -0.6246950475544244 0.37500000000000044 -0.19999999999999996 0.25000000000000044 -0.3 0.0 0.0 -3.470858214221178e-17 4.917049136813336e-17 -3.470858214221178e-17 4.917049136813336e-17 4.0 4.0 0.0 0.0 0.0 0.0 0.0 0.0 0.0 0.0 0.0 
-1.0 0.0 0.1600781059358212 0.1 0.016007810593582122 1.0 -0.7808688094430304 0.6246950475544242 0.37500000000000044 -0.19999999999999996 0.25000000000000044 -0.09999999999999998 0.0 0.0 -3.470858214221178e-17 4.917049136813336e-17 -3.470858214221178e-17 4.917049136813336e-17 4.0 4.0 0.0 0.0 0.0 0.0 0.0 0.0 0.0 0.0 0.0 
-1.0 0.0 0.16007810593582122 0.1 0.016007810593582122 1.0 -0.7808688094430303 0.6246950475544243 0.37500000000000044 -0.4 0.25000000000000044 -0.3 0.0 0.0 -3.470858214221178e-17 4.917049136813336e-17 -3.470858214221178e-17 4.917049136813336e-17 4.0 4.0 0.0 0.0 0.0 0.0 0.0 0.0 0.0 0.0 0.0 
-1.0 0.0 0.16007810593582122 0.1 0.016007810593582122 1.0 0.7808688094430303 0.6246950475544243 0.12500000000000044 -0.4 0.25000000000000044 -0.3 0.0 0.0 -3.470858214221178e-17 4.917049136813336e-17 -3.470858214221178e-17 4.917049136813336e-17 4.0 4.0 0.0 0.0 0.0 0.0 0.0 0.0 0.0 0.0 0.0 
2.0 -1.0 0.1600781059358212 0.1 0.016007810593582122 1.0 -0.7808688094430304 0.6246950475544242 0.5000000000000004 -0.09999999999999998 0.37500000000000044 0.0 0.1561737618886061 0.0 1.0 4.917049136813336e-17 -3.470858214221178e-17 4.917049136813336e-17 2.0 4.0 0.0 0.0 0.0 0.0 0.0 0.0 0.0 0.0 0.0 
2.0 -1.0 0.16007810593582128 0.1 0.01600781059358213 1.0 -0.78086880944303 -0.6246950475544246 0.5000000000000004 0.10000000000000009 0.37500000000000044 0.0 0.15617376188860604 0.0 1.0 4.917049136813336e-17 -3.470858214221178e-17 4.917049136813336e-17 2.0 4.0 0.0 0.0 0.0 0.0 0.0 0.0 0.0 0.0 0.0 
-1.0 0.0 0.1600781059358212 0.1 0.016007810593582122 1.0 -0.7808688094430304 -0.6246950475544242 0.37500000000000044 0.0 0.25000000000000044 -0.09999999999999998 0.0 0.0 -3.470858214221178e-17 4.917049136813336e-17 -3.470858214221178e-17 4.917049136813336e-17 4.0 4.0 0.0 0.0 0.0 0.0 0.0 0.0 0.0 0.0 0.0 
-1.0 0.0 0.16007810593582128 0.1 0.01600781059358213 1.0 -0.78086880944303 0.6246950475544246 0.37500000000000044 0.0 0.25000000000000044 0.10000000000000009 0.0 0.0 -3.470858214221178e-17 4.917049136813336e-17 -3.470858214221178e-17 4.917049136813336e-17 4.0 4.0 0.0 0.0 0.0 0.0 0.0 0.0 0.0 0.0 0.0 
1.0 -1.0 0.16007810593582122 0.1 0.016007810593582122 1.0 -0.7808688094430303 0.6246950475544243 -0.24999999999999956 -0.5 -0.37499999999999956 -0.4 0.12493900951088487 0.0 -3.470858214221178e-17 -1.0 -3.470858214221178e-17 4.917049136813336e-17 2.0 4.0 0.0 0.0 0.0 0.0 0.0 0.0 0.0 0.0 0.0 
5.0 -1.0 0.16007810593582122 0.1 0.016007810593582122 1.0 0.7808688094430303 0.6246950475544243 -0.49999999999999956 -0.5 -0.37499999999999956 -0.4 0.1 0.0 -0.7808688094430304 -0.6246950475544243 -3.470858214221178e-17 4.917049136813336e-17 1.0 4.0 0.0 0.0 0.0 0.0 0.0 0.0 0.0 0.0 0.0 
-1.0 0.0 0.16007810593582122 0.1 0.016007810593582122 1.0 0.7808688094430303 0.6246950475544243 -0.37499999999999956 -0.4 -0.24999999999999956 -0.3 0.0 0.0 -3.470858214221178e-17 4.917049136813336e-17 -3.470858214221178e-17 4.917049136813336e-17 4.0 4.0 0.0 0.0 0.0 0.0 0.0 0.0 0.0 0.0 0.0 
-1.0 0.0 0.16007810593582122 0.1 0.016007810593582122 1.0 0.7808688094430303 -0.6246950475544244 -0.37499999999999956 -0.19999999999999996 -0.24999999999999956 -0.3 0.0 0.0 -3.470858214221178e-17 4.917049136813336e-17 -3.470858214221178e-17 4.917049136813336e-17 4.0 4.0 0.0 0.0 0.0 0.0 0.0 0.0 0.0 0.0 0.0 
-1.0 0.0 0.1600781059358212 0.1 0.016007810593582122 1.0 0.7808688094430304 0.6246950475544242 -0.37499999999999956 -0.19999999999999996 -0.24999999999999956 -0.09999999999999998 0.0 0.0 -3.470858214221178e-17 4.917049136813336e-17 -3.470858214221178e-17 4.917049136813336e-17 4.0 4.0 0.0 0.0 0.0 0.0 0.0 0.0 0.0 0.0 0.0 
4.0 -1.0 0.1600781059358212 0.1 0.016007810593582122 1.0 0.7808688094430304 -0.6246950475544242 -0.49999999999999956 -0.09999999999999998 -0.37499999999999956 -0.19999999999999996 0.1561737618886061 0.0 -1.0 4.917049136813336e-17 -3.470858214221178e-17 4.917049136813336e-17 2.0 4.0 0.0 0.0 0.0 0.0 0.0 0.0 0.0 0.0 0.0 
0.0 0.0 0.16007810593582128 0.1 0.01600781059358213 1.0 0.78086880944303 0.6246950475544246 -0.12499999999999956 0.0 4.440892098500626e-16 0.10000000000000009 0.0 0.0 -3.470858214221178e-17 4.917049136813336e-17 -3.470858214221178e-17 4.917049136813336e-17 4.0 4.0 0.0 0.0 0.0 0.0 0.0 0.0 0.0 0.0 0.0 
4.0 -1.0 0.1600781059358212 0.1 0.016007810593582122 1.0 0.7808688094430304 0.6246950475544242 -0.49999999999999956 0.30000000000000004 -0.37499999999999956 0.4 0.1561737618886061 0.0 -1.0 4.917049136813336e-17 -3.470858214221178e-17 4.917049136813336e-17 2.0 4.0 0.0 0.0 0.0 0.0 0.0 0.0 0.0 0.0 0.0 
8.0 -1.0 0.1600781059358212 0.1 0.016007810593582122 1.0 0.7808688094430304 -0.6246950475544242 -0.49999999999999956 0.5 -0.37499999999999956 0.4 0.1 0.0 -0.7808688094430305 0.6246950475544242 -3.470858214221178e-17 4.917049136813336e-17 1.0 4.0 0.0 0.0 0.0 0.0 0.0 0.0 0.0 0.0 0.0 
4.0 -1.0 0.1600781059358212 0.1 0.016007810593582122 1.0 0.7808688094430304 -0.6246950475544242 -0.49999999999999956 0.30000000000000004 -0.37499999999999956 0.20000000000000007 0.1561737618886061 0.0 -1.0 4.917049136813336e-17 -3.470858214221178e-17 4.917049136813336e-17 2.0 4.0 0.0 0.0 0.0 0.0 0.0 0.0 0.0 0.0 0.0 
4.0 -1.0 0.1600781059358212 0.1 0.016007810593582122 1.0 0.7808688094430304 0.6246950475544242 -0.49999999999999956 0.10000000000000009 -0.37499999999999956 0.20000000000000007 0.15617376188860604 0.0 -1.0 4.917049136813336e-17 -3.470858214221178e-17 4.917049136813336e-17 2.0 4.0 0.0 0.0 0.0 0.0 0.0 0.0 0.0 0.0 0.0 
-1.0 0.0 0.1600781059358212 0.1 0.016007810593582122 1.0 0.7808688094430304 0.6246950475544242 -0.37499999999999956 0.20000000000000007 -0.24999999999999956 0.30000000000000004 0.0 0.0 -3.470858214221178e-17 4.917049136813336e-17 -3.470858214221178e-17 4.917049136813336e-17 4.0 4.0 0.0 0.0 0.0 0.0 0.0 0.0 0.0 0.0 0.0 
-1.0 0.0 0.1600781059358212 0.1 0.016007810593582122 1.0 0.7808688094430304 -0.6246950475544242 -0.37499999999999956 0.20000000000000007 -0.24999999999999956 0.10000000000000009 0.0 0.0 -3.470858214221178e-17 4.917049136813336e-17 -3.470858214221178e-17 4.917049136813336e-17 4.0 4.0 0.0 0.0 0.0 0.0 0.0 0.0 0.0 0.0 0.0 
-1.0 0.0 0.1600781059358212 0.1 0.016007810593582122 1.0 0.7808688094430304 -0.6246950475544242 -0.37499999999999956 0.4 -0.24999999999999956 0.30000000000000004 0.0 0.0 -3.470858214221178e-17 4.917049136813336e-17 -3.470858214221178e-17 4.917049136813336e-17 4.0 4.0 0.0 0.0 0.0 0.0 0.0 0.0 0.0 0.0 0.0 
3.0 -1.0 0.1600781059358212 0.1 0.016007810593582122 1.0 0.7808688094430304 -0.6246950475544242 0.25000000000000044 0.5 0.37500000000000044 0.4 0.12493900951088484 0.0 -3.470858214221178e-17 1.0 -3.470858214221178e-17 4.917049136813336e-17 2.0 4.0 0.0 0.0 0.0 0.0 0.0 0.0 0.0 0.0 0.0 
0.0 0.0 0.16007810593582122 0.1 0.016007810593582122 1.0 -0.7808688094430303 -0.6246950475544244 0.12500000000000044 -0.19999999999999996 4.440892098500626e-16 -0.3 0.0 0.0 -3.470858214221178e-17 4.917049136813336e-17 -3.470858214221178e-17 4.917049136813336e-17 4.0 4.0 0.0 0.0 0.0 0.0 0.0 0.0 0.0 0.0 0.0 
0.0 0.0 0.16007810593582122 0.1 0.016007810593582122 1.0 0.7808688094430303 -0.6246950475544244 0.12500000000000044 -0.19999999999999996 0.25000000000000044 -0.3 0.0 0.0 -3.470858214221178e-17 4.917049136813336e-17 -3.470858214221178e-17 4.917049136813336e-17 4.0 4.0 0.0 0.0 0.0 0.0 0.0 0.0 0.0 0.0 0.0 
0.0 0.0 0.1600781059358212 0.1 0.016007810593582122 1.0 -0.7808688094430304 0.6246950475544242 0.12500000000000044 -0.19999999999999996 4.440892098500626e-16 -0.09999999999999998 0.0 0.0 -3.470858214221178e-17 4.917049136813336e-17 -3.470858214221178e-17 4.917049136813336e-17 4.0 4.0 0.0 0.0 0.0 0.0 0.0 0.0 0.0 0.0 0.0 
0.0 0.0 0.1600781059358212 0.1 0.016007810593582122 1.0 0.7808688094430304 0.6246950475544242 0.12500000000000044 -0.19999999999999996 0.25000000000000044 -0.09999999999999998 0.0 0.0 -3.470858214221178e-17 4.917049136813336e-17 -3.470858214221178e-17 4.917049136813336e-17 4.0 4.0 0.0 0.0 0.0 0.0 0.0 0.0 0.0 0.0 0.0 
4.0 -1.0 0.16007810593582122 0.1 0.016007810593582122 1.0 0.7808688094430303 -0.6246950475544243 -0.49999999999999956 -0.3 -0.37499999999999956 -0.4 0.15617376188860607 0.0 -1.0 4.917049136813336e-17 -3.470858214221178e-17 4.917049136813336e-17 2.0 4.0 0.0 0.0 0.0 0.0 0.0 0.0 0.0 0.0 0.0 
4.0 -1.0 0.16007810593582122 0.1 0.016007810593582122 1.0 0.7808688094430303 0.6246950475544244 -0.49999999999999956 -0.3 -0.37499999999999956 -0.19999999999999996 0.15617376188860607 0.0 -1.0 4.917049136813336e-17 -3.470858214221178e-17 4.917049136813336e-17 2.0 4.0 0.0 0.0 0.0 0.0 0.0 0.0 0.0 0.0 0.0 
0.0 0.0 0.1600781059358212 0.1 0.016007810593582122 1.0 0.7808688094430304 0.6246950475544242 0.12500000000000044 0.20000000000000007 0.25000000000000044 0.30000000000000004 0.0 0.0 -3.470858214221178e-17 4.917049136813336e-17 -3.470858214221178e-17 4.917049136813336e-17 4.0 4.0 0.0 0.0 0.0 0.0 0.0 0.0 0.0 0.0 0.0 
0.0 0.0 0.1600781059358212 0.1 0.016007810593582122 1.0 0.7808688094430304 -0.6246950475544242 0.12500000000000044 0.20000000000000007 0.25000000000000044 0.10000000000000009 0.0 0.0 -3.470858214221178e-17 4.917049136813336e-17 -3.470858214221178e-17 4.917049136813336e-17 4.0 4.0 0.0 0.0 0.0 0.0 0.0 0.0 0.0 0.0 0.0 
0.0 0.0 0.1600781059358212 0.1 0.016007810593582122 1.0 -0.7808688094430304 0.6246950475544242 -0.12499999999999956 0.20000000000000007 -0.24999999999999956 0.30000000000000004 0.0 0.0 -3.470858214221178e-17 4.917049136813336e-17 -3.470858214221178e-17 4.917049136813336e-17 4.0 4.0 0.0 0.0 0.0 0.0 0.0 0.0 0.0 0.0 0.0 
0.0 0.0 0.1600781059358212 0.1 0.016007810593582122 1.0 -0.7808688094430304 -0.6246950475544242 -0.12499999999999956 0.20000000000000007 -0.24999999999999956 0.10000000000000009 0.0 0.0 -3.470858214221178e-17 4.917049136813336e-17 -3.470858214221178e-17 4.917049136813336e-17 4.0 4.0 0.0 0.0 0.0 0.0 0.0 0.0 0.0 0.0 0.0 
0.0 0.0 0.1600781059358212 0.1 0.016007810593582122 1.0 0.7808688094430304 -0.6246950475544242 -0.12499999999999956 0.20000000000000007 4.440892098500626e-16 0.10000000000000009 0.0 0.0 -3.470858214221178e-17 4.917049136813336e-17 -3.470858214221178e-17 4.917049136813336e-17 4.0 4.0 0.0 0.0 0.0 0.0 0.0 0.0 0.0 0.0 0.0 
0.0 0.0 0.1600781059358212 0.1 0.016007810593582122 1.0 0.7808688094430304 -0.6246950475544242 0.12500000000000044 0.0 0.25000000000000044 -0.09999999999999998 0.0 0.0 -3.470858214221178e-17 4.917049136813336e-17 -3.470858214221178e-17 4.917049136813336e-17 4.0 4.0 0.0 0.0 0.0 0.0 0.0 0.0 0.0 0.0 0.0 
0.0 0.0 0.16007810593582128 0.1 0.01600781059358213 1.0 0.78086880944303 0.6246950475544246 0.12500000000000044 0.0 0.25000000000000044 0.10000000000000009 0.0 0.0 -3.470858214221178e-17 4.917049136813336e-17 -3.470858214221178e-17 4.917049136813336e-17 4.0 4.0 0.0 0.0 0.0 0.0 0.0 0.0 0.0 0.0 0.0 
0.0 0.0 0.16007810593582128 0.1 0.01600781059358213 1.0 -0.78086880944303 0.6246950475544246 0.12500000000000044 0.0 4.440892098500626e-16 0.10000000000000009 0.0 0.0 -3.470858214221178e-17 4.917049136813336e-17 -3.470858214221178e-17 4.917049136813336e-17 4.0 4.0 0.0 0.0 0.0 0.0 0.0 0.0 0.0 0.0 0.0 
0.0 0.0 0.1600781059358212 0.1 0.016007810593582122 1.0 -0.7808688094430304 -0.6246950475544242 0.12500000000000044 0.0 4.440892098500626e-16 -0.09999999999999998 0.0 0.0 -3.470858214221178e-17 4.917049136813336e-17 -3.470858214221178e-17 4.917049136813336e-17 4.0 4.0 0.0 0.0 0.0 0.0 0.0 0.0 0.0 0.0 0.0 
0.0 0.0 0.1600781059358212 0.1 0.016007810593582122 1.0 -0.7808688094430304 -0.6246950475544242 0.12500000000000044 0.20000000000000007 4.440892098500626e-16 0.10000000000000009 0.0 0.0 -3.470858214221178e-17 4.917049136813336e-17 -3.470858214221178e-17 4.917049136813336e-17 4.0 4.0 0.0 0.0 0.0 0.0 0.0 0.0 0.0 0.0 0.0 
3.0 -1.0 0.1600781059358212 0.1 0.016007810593582122 1.0 -0.7808688094430304 -0.6246950475544242 -0.24999999999999956 0.5 -0.37499999999999956 0.4 0.12493900951088484 0.0 -3.470858214221178e-17 1.0 -3.470858214221178e-17 4.917049136813336e-17 2.0 4.0 0.0 0.0 0.0 0.0 0.0 0.0 0.0 0.0 0.0 
3.0 -1.0 0.1600781059358212 0.1 0.016007810593582122 1.0 -0.7808688094430304 -0.6246950475544242 0.25000000000000044 0.5 0.12500000000000044 0.4 0.12493900951088484 0.0 -3.470858214221178e-17 1.0 -3.470858214221178e-17 4.917049136813336e-17 2.0 4.0 0.0 0.0 0.0 0.0 0.0 0.0 0.0 0.0 0.0 
3.0 -1.0 0.1600781059358212 0.1 0.016007810593582122 1.0 0.7808688094430304 -0.6246950475544242 4.440892098500626e-16 0.5 0.12500000000000044 0.4 0.12493900951088484 0.0 -3.470858214221178e-17 1.0 -3.470858214221178e-17 4.917049136813336e-17 2.0 4.0 0.0 0.0 0.0 0.0 0.0 0.0 0.0 0.0 0.0 
-1.0 0.0 0.1600781059358212 0.1 0.016007810593582122 1.0 0.7808688094430304 -0.6246950475544242 0.12500000000000044 0.4 0.25000000000000044 0.30000000000000004 0.0 0.0 -3.470858214221178e-17 4.917049136813336e-17 -3.470858214221178e-17 4.917049136813336e-17 4.0 4.0 0.0 0.0 0.0 0.0 0.0 0.0 0.0 0.0 0.0 
3.0 -1.0 0.1600781059358212 0.1 0.016007810593582122 1.0 0.7808688094430304 -0.6246950475544242 -0.24999999999999956 0.5 -0.12499999999999956 0.4 0.12493900951088484 0.0 -3.470858214221178e-17 1.0 -3.470858214221178e-17 4.917049136813336e-17 2.0 4.0 0.0 0.0 0.0 0.0 0.0 0.0 0.0 0.0 0.0 
3.0 -1.0 0.1600781059358212 0.1 0.016007810593582122 1.0 -0.7808688094430304 -0.6246950475544242 4.440892098500626e-16 0.5 -0.12499999999999956 0.4 0.12493900951088484 0.0 -3.470858214221178e-17 1.0 -3.470858214221178e-17 4.917049136813336e-17 2.0 4.0 0.0 0.0 0.0 0.0 0.0 0.0 0.0 0.0 0.0 
-1.0 0.0 0.1600781059358212 0.1 0.016007810593582122 1.0 -0.7808688094430304 -0.6246950475544242 -0.12499999999999956 0.4 -0.24999999999999956 0.30000000000000004 0.0 0.0 -3.470858214221178e-17 4.917049136813336e-17 -3.470858214221178e-17 4.917049136813336e-17 4.0 4.0 0.0 0.0 0.0 0.0 0.0 0.0 0.0 0.0 0.0 
-1.0 0.0 0.1600781059358212 0.1 0.016007810593582122 1.0 -0.7808688094430304 -0.6246950475544242 0.12500000000000044 0.4 4.440892098500626e-16 0.30000000000000004 0.0 0.0 -3.470858214221178e-17 4.917049136813336e-17 -3.470858214221178e-17 4.917049136813336e-17 4.0 4.0 0.0 0.0 0.0 0.0 0.0 0.0 0.0 0.0 0.0 
-1.0 0.0 0.1600781059358212 0.1 0.016007810593582122 1.0 0.7808688094430304 -0.6246950475544242 -0.12499999999999956 0.4 4.440892098500626e-16 0.30000000000000004 0.0 0.0 -3.470858214221178e-17 4.917049136813336e-17 -3.470858214221178e-17 4.917049136813336e-17 4.0 4.0 0.0 0.0 0.0 0.0 0.0 0.0 0.0 0.0 0.0 
0.0 0.0 0.1600781059358212 0.1 0.016007810593582122 1.0 -0.7808688094430304 0.6246950475544242 0.12500000000000044 0.20000000000000007 4.440892098500626e-16 0.30000000000000004 0.0 0.0 -3.470858214221178e-17 4.917049136813336e-17 -3.470858214221178e-17 4.917049136813336e-17 4.0 4.0 0.0 0.0 0.0 0.0 0.0 0.0 0.0 0.0 0.0 
0.0 0.0 0.1600781059358212 0.1 0.016007810593582122 1.0 0.7808688094430304 0.6246950475544242 -0.12499999999999956 0.20000000000000007 4.440892098500626e-16 0.30000000000000004 0.0 0.0 -3.470858214221178e-17 4.917049136813336e-17 -3.470858214221178e-17 4.917049136813336e-17 4.0 4.0 0.0 0.0 0.0 0.0 0.0 0.0 0.0 0.0 0.0 
*Integer Parameters
0 0 0 0 0 0 0 0 0 0 0 0 0 0 0 0 0 0 0 0 0 0 0 0 0 0 0 0 0 0 0 0 0 0 0 0 0 0 0 0 0 0 0 0 0 0 0 0 0 0 0 0 0 0 0 0 0 0 0 0 0 0 0 0 0 0 0 0 0 0 0 0 0 0 0 0 0 0 0 0 0 